# FX Pair Correlation Buckets

**Grouping Mode:** `Manual Buckets (Provided by User)`

**Random Seed used:** `42`

## Original 5 Buckets
Pairs grouped into 5 buckets to minimize intra-bucket absolute correlation (Daily).

### Bucket 1

| | AUDUSD | GBPUSD | AUDNZD | NZDCHF | GBPCAD |
|---|---|---|---|---|---|
| AUDUSD | 100 | <span style="color:red">**95.4**</span> | 48.0 | 58.7 | 36.7 |
| GBPUSD | <span style="color:red">**95.4**</span> | 100 | 35.2 | 52.5 | 35.0 |
| AUDNZD | 48.0 | 35.2 | 100 | -12.6 | 54.0 |
| NZDCHF | 58.7 | 52.5 | -12.6 | 100 | 20.0 |
| GBPCAD | 36.7 | 35.0 | 54.0 | 20.0 | 100 |

### Bucket 2

| | EURNZD | EURGBP | EURUSD | EURCAD | AUDJPY | EURCHF |
|---|---|---|---|---|---|---|
| EURNZD | 100 | 62.6 | -49.7 | 58.5 | -61.4 | -48.9 |
| EURGBP | 62.6 | 100 | -37.3 | 60.4 | <span style="color:red">**-91.4**</span> | -17.1 |
| EURUSD | -49.7 | -37.3 | 100 | -62.5 | 52.1 | 0.9 |
| EURCAD | 58.5 | 60.4 | -62.5 | 100 | <span style="color:red">**-73.5**</span> | -22.2 |
| AUDJPY | -61.4 | <span style="color:red">**-91.4**</span> | 52.1 | <span style="color:red">**-73.5**</span> | 100 | 12.4 |
| EURCHF | -48.9 | -17.1 | 0.9 | -22.2 | 12.4 | 100 |

### Bucket 3

| | GBPCHF | NZDJPY | GBPNZD | GBPAUD | CADJPY | USDCHF |
|---|---|---|---|---|---|---|
| GBPCHF | 100 | <span style="color:red">**78.0**</span> | 5.6 | -53.2 | 64.5 | 5.8 |
| NZDJPY | <span style="color:red">**78.0**</span> | 100 | -7.0 | -58.9 | <span style="color:red">**91.3**</span> | -45.3 |
| GBPNZD | 5.6 | -7.0 | 100 | 8.9 | 19.3 | -2.9 |
| GBPAUD | -53.2 | -58.9 | 8.9 | 100 | -49.6 | 10.6 |
| CADJPY | 64.5 | <span style="color:red">**91.3**</span> | 19.3 | -49.6 | 100 | -53.5 |
| USDCHF | 5.8 | -45.3 | -2.9 | 10.6 | -53.5 | 100 |

### Bucket 4

| | CHFJPY | AUDCHF | USDCAD | EURAUD | USDJPY | NZDCAD |
|---|---|---|---|---|---|---|
| CHFJPY | 100 | 37.1 | -64.5 | -57.3 | 59.5 | -18.5 |
| AUDCHF | 37.1 | 100 | -47.3 | <span style="color:red">**-93.6**</span> | 50.3 | 45.3 |
| USDCAD | -64.5 | -47.3 | 100 | 50.7 | -1.7 | -6.3 |
| EURAUD | -57.3 | <span style="color:red">**-93.6**</span> | 50.7 | 100 | -55.0 | -34.3 |
| USDJPY | 59.5 | 50.3 | -1.7 | -55.0 | 100 | -13.5 |
| NZDCAD | -18.5 | 45.3 | -6.3 | -34.3 | -13.5 | 100 |

### Bucket 5

| | AUDCAD | NZDUSD | CADCHF | EURJPY | GBPJPY |
|---|---|---|---|---|---|
| AUDCAD | 100 | 34.2 | 22.5 | 46.6 | <span style="color:red">**65.1**</span> |
| NZDUSD | 34.2 | 100 | 64.3 | 62.2 | 64.0 |
| CADCHF | 22.5 | 64.3 | 100 | 50.5 | 53.6 |
| EURJPY | 46.6 | 62.2 | 50.5 | 100 | <span style="color:red">**95.9**</span> |
| GBPJPY | <span style="color:red">**65.1**</span> | 64.0 | 53.6 | <span style="color:red">**95.9**</span> | 100 |

## Super Buckets
Two super buckets created by merging original buckets to minimize high correlations.

### Super Bucket 1 (Merged from Original Buckets: 1, 3)

Total High Correlations (abs >= 65): 14

| | AUDUSD | GBPUSD | AUDNZD | NZDCHF | GBPCAD | GBPCHF | NZDJPY | GBPNZD | GBPAUD | CADJPY | USDCHF |
|---|---|---|---|---|---|---|---|---|---|---|---|
| AUDUSD | 100 | <span style="color:red">**95.4**</span> | 48.0 | 58.7 | 36.7 | <span style="color:red">**72.2**</span> | <span style="color:red">**91.5**</span> | 2.2 | <span style="color:red">**-70.3**</span> | <span style="color:red">**85.5**</span> | -59.1 |
| GBPUSD | <span style="color:red">**95.4**</span> | 100 | 35.2 | 52.5 | 35.0 | <span style="color:red">**67.7**</span> | <span style="color:red">**89.6**</span> | 6.2 | -45.8 | <span style="color:red">**86.0**</span> | <span style="color:red">**-69.5**</span> |
| AUDNZD | 48.0 | 35.2 | 100 | -12.6 | 54.0 | 39.6 | 33.0 | <span style="color:red">**75.6**</span> | -58.4 | 48.3 | -9.2 |
| NZDCHF | 58.7 | 52.5 | -12.6 | 100 | 20.0 | <span style="color:red">**79.9**</span> | <span style="color:red">**69.1**</span> | -55.6 | -49.6 | 42.0 | 6.7 |
| GBPCAD | 36.7 | 35.0 | 54.0 | 20.0 | 100 | 57.2 | 34.7 | 45.6 | -25.3 | 18.8 | 8.2 |
| GBPCHF | <span style="color:red">**72.2**</span> | <span style="color:red">**67.7**</span> | 39.6 | <span style="color:red">**79.9**</span> | 57.2 | 100 | <span style="color:red">**78.0**</span> | 5.6 | -53.2 | 64.5 | 5.8 |
| NZDJPY | <span style="color:red">**91.5**</span> | <span style="color:red">**89.6**</span> | 33.0 | <span style="color:red">**69.1**</span> | 34.7 | <span style="color:red">**78.0**</span> | 100 | -7.0 | -58.9 | <span style="color:red">**91.3**</span> | -45.3 |
| GBPNZD | 2.2 | 6.2 | <span style="color:red">**75.6**</span> | -55.6 | 45.6 | 5.6 | -7.0 | 100 | 8.9 | 19.3 | -2.9 |
| GBPAUD | <span style="color:red">**-70.3**</span> | -45.8 | -58.4 | -49.6 | -25.3 | -53.2 | -58.9 | 8.9 | 100 | -49.6 | 10.6 |
| CADJPY | <span style="color:red">**85.5**</span> | <span style="color:red">**86.0**</span> | 48.3 | 42.0 | 18.8 | 64.5 | <span style="color:red">**91.3**</span> | 19.3 | -49.6 | 100 | -53.5 |
| USDCHF | -59.1 | <span style="color:red">**-69.5**</span> | -9.2 | 6.7 | 8.2 | 5.8 | -45.3 | -2.9 | 10.6 | -53.5 | 100 |

### Super Bucket 2 (Merged from Original Buckets: 2, 4)

Total High Correlations (abs >= 65): 15

| | EURNZD | EURGBP | EURUSD | EURCAD | AUDJPY | EURCHF | CHFJPY | AUDCHF | USDCAD | EURAUD | USDJPY | NZDCAD |
|---|---|---|---|---|---|---|---|---|---|---|---|---|
| EURNZD | 100 | 62.6 | -49.7 | 58.5 | -61.4 | -48.9 | -21.4 | <span style="color:red">**-77.4**</span> | 58.8 | <span style="color:red">**68.9**</span> | -7.8 | <span style="color:red">**-77.5**</span> |
| EURGBP | 62.6 | 100 | -37.3 | 60.4 | <span style="color:red">**-91.4**</span> | -17.1 | -63.6 | <span style="color:red">**-86.5**</span> | 51.1 | <span style="color:red">**92.2**</span> | -59.8 | -29.9 |
| EURUSD | -49.7 | -37.3 | 100 | -62.5 | 52.1 | 0.9 | 59.2 | 29.1 | <span style="color:red">**-94.4**</span> | -33.7 | -16.0 | 12.3 |
| EURCAD | 58.5 | 60.4 | -62.5 | 100 | <span style="color:red">**-73.5**</span> | -22.2 | -57.5 | -64.3 | <span style="color:red">**84.8**</span> | 64.9 | -29.7 | 5.8 |
| AUDJPY | -61.4 | <span style="color:red">**-91.4**</span> | 52.1 | <span style="color:red">**-73.5**</span> | 100 | 12.4 | <span style="color:red">**80.6**</span> | <span style="color:red">**84.8**</span> | <span style="color:red">**-66.6**</span> | <span style="color:red">**-92.3**</span> | <span style="color:red">**66.1**</span> | 18.3 |
| EURCHF | -48.9 | -17.1 | 0.9 | -22.2 | 12.4 | 100 | -35.3 | 51.3 | -10.1 | -17.9 | 5.9 | 43.0 |
| CHFJPY | -21.4 | -63.6 | 59.2 | -57.5 | <span style="color:red">**80.6**</span> | -35.3 | 100 | 37.1 | -64.5 | -57.3 | 59.5 | -18.5 |
| AUDCHF | <span style="color:red">**-77.4**</span> | <span style="color:red">**-86.5**</span> | 29.1 | -64.3 | <span style="color:red">**84.8**</span> | 51.3 | 37.1 | 100 | -47.3 | <span style="color:red">**-93.6**</span> | 50.3 | 45.3 |
| USDCAD | 58.8 | 51.1 | <span style="color:red">**-94.4**</span> | <span style="color:red">**84.8**</span> | <span style="color:red">**-66.6**</span> | -10.1 | -64.5 | -47.3 | 100 | 50.7 | -1.7 | -6.3 |
| EURAUD | <span style="color:red">**68.9**</span> | <span style="color:red">**92.2**</span> | -33.7 | 64.9 | <span style="color:red">**-92.3**</span> | -17.9 | -57.3 | <span style="color:red">**-93.6**</span> | 50.7 | 100 | -55.0 | -34.3 |
| USDJPY | -7.8 | -59.8 | -16.0 | -29.7 | <span style="color:red">**66.1**</span> | 5.9 | 59.5 | 50.3 | -1.7 | -55.0 | 100 | -13.5 |
| NZDCAD | <span style="color:red">**-77.5**</span> | -29.9 | 12.3 | 5.8 | 18.3 | 43.0 | -18.5 | 45.3 | -6.3 | -34.3 | -13.5 | 100 |

## Max Inclusion 3-Bucket Configuration
Three buckets maximizing the number of pairs included with at most 1 high correlation per bucket.

Total pairs included: 20 / 28

### Inclusion Bucket 1

| | EURCAD | GBPAUD | EURUSD | EURGBP | GBPCHF | USDJPY | CHFJPY | EURCHF |
|---|---|---|---|---|---|---|---|---|
| EURCAD | 100 | 54.4 | -62.5 | 60.4 | -58.3 | -29.7 | -57.5 | -22.2 |
| GBPAUD | 54.4 | 100 | -20.0 | 58.4 | -53.2 | -35.0 | -34.2 | -14.3 |
| EURUSD | -62.5 | -20.0 | 100 | -37.3 | 29.3 | -16.0 | 59.2 | 0.9 |
| EURGBP | 60.4 | 58.4 | -37.3 | 100 | <span style="color:red">**-87.0**</span> | -59.8 | -63.6 | -17.1 |
| GBPCHF | -58.3 | -53.2 | 29.3 | <span style="color:red">**-87.0**</span> | 100 | 49.9 | 31.9 | 63.5 |
| USDJPY | -29.7 | -35.0 | -16.0 | -59.8 | 49.9 | 100 | 59.5 | 5.9 |
| CHFJPY | -57.5 | -34.2 | 59.2 | -63.6 | 31.9 | 59.5 | 100 | -35.3 |
| EURCHF | -22.2 | -14.3 | 0.9 | -17.1 | 63.5 | 5.9 | -35.3 | 100 |

### Inclusion Bucket 2

| | USDCAD | AUDNZD | AUDCHF | NZDCHF | GBPCAD |
|---|---|---|---|---|---|
| USDCAD | 100 | -11.4 | -47.3 | -46.7 | 10.7 |
| AUDNZD | -11.4 | 100 | 52.7 | -12.6 | 54.0 |
| AUDCHF | -47.3 | 52.7 | 100 | <span style="color:red">**77.7**</span> | 51.5 |
| NZDCHF | -46.7 | -12.6 | <span style="color:red">**77.7**</span> | 100 | 20.0 |
| GBPCAD | 10.7 | 54.0 | 51.5 | 20.0 | 100 |

### Inclusion Bucket 3

| | AUDCAD | CADCHF | NZDUSD | EURJPY | USDCHF | NZDCAD | GBPNZD |
|---|---|---|---|---|---|---|---|
| AUDCAD | 100 | 22.5 | 34.2 | 46.6 | -0.8 | 46.7 | 24.8 |
| CADCHF | 22.5 | 100 | 64.3 | 50.5 | 0.4 | 22.4 | -28.3 |
| NZDUSD | 34.2 | 64.3 | 100 | 62.2 | -61.9 | 51.4 | -41.8 |
| EURJPY | 46.6 | 50.5 | 62.2 | 100 | -52.8 | -1.3 | 28.8 |
| USDCHF | -0.8 | 0.4 | -61.9 | -52.8 | 100 | 10.4 | -2.9 |
| NZDCAD | 46.7 | 22.4 | 51.4 | -1.3 | 10.4 | 100 | -61.3 |
| GBPNZD | 24.8 | -28.3 | -41.8 | 28.8 | -2.9 | -61.3 | 100 |

